1500
2042 2101
-4452 -887
-827 -2176
9756 2065
-1466 -2275
-3292 8346
2057 -2344
-8641 -3148
-9071 -229
-3317 -5189
3740 8152
-9095 -1078
-5207 2630
7347 -7760
6072 -4910
-2495 743
-9647 -3882
5614 -4127
-4442 -7547
-6203 -4061
-8770 1416
-4990 -9034
7659 7855
-8408 -6757
2587 1729
-8883 4959
9847 -6667
-6916 1776
-250 3012
2395 -5201
8563 -8259
8717 421
-7151 7290
-5550 2203
7708 -5965
8725 -1465
-6367 -2254
-4345 -192
9313 -1048
1960 -2659
-8301 4063
2373 155
-5305 6159
-8216 -4997
-8367 -4301
-434 -4432
-6682 286
-4142 -9323
834 4363
-1519 -2972
-7861 1202
-4239 -5629
-5160 -8990
5018 2242
-1804 -7155
-7803 9827
-2816 -3491
-1633 -2823
-7689 1678
-1018 -3597
-9226 4062
-8589 -3844
-1830 -2882
8571 -5380
2540 -1936
949 512
-1316 -1812
-2367 -3774
-8053 1953
-3711 -5886
-8438 -2973
-6454 -363
2121 -9215
-4032 8511
-4436 -6694
8156 6499
-7272 6218
-9935 -4422
1495 2534
-306 -1919
-4105 8337
-4251 -839
4952 357
-6961 -9334
-6560 533
7784 3144
1679 -6474
-1250 2266
985 2295
-1135 -7020
-7664 58
-4013 5135
4450 3968
-7215 -9743
515 4126
9109 -4849
-9778 -1194
1897 9655
1862 -7928
-5056 5285
-2496 -6841
-4300 1692
-345 1035
-3479 1465
-3754 -4347
-4134 -413
-3414 -4519
6194 416
9820 1095
1946 8493
-5305 619
-106 6477
2836 7847
-2007 545
-6354 7132
-481 8696
-6284 8224
1358 -6008
-2854 -7221
2611 -3522
1768 -2541
-6335 1970
2818 4253
5699 -4064
2412 -7701
-7722 8755
2350 -7496
2169 -6271
-3084 -2485
6061 -9441
-2152 1096
-2797 -2227
-5884 -2203
-1572 -7246
-6414 -5185
-4030 -1362
8344 -2005
-1455 -1589
-1152 3886
-4309 7381
-36 -7441
9163 -5845
-4902 -3060
-3513 -5929
-9132 -916
-5061 -4166
-7444 -4874
7173 -4053
439 3170
-7063 -8509
-5512 4333
4290 2001
3693 2289
-5327 -9869
270 -8045
-6667 391
9908 7773
4803 -7555
-423 5615
-9559 3987
-5506 -6959
-1409 -1158
-3597 -4018
-9895 9372
5813 380
1564 -7806
-8560 -6945
2295 -5585
5231 -946
-8663 4693
-5712 4406
-2711 -66
-3397 286
2052 8788
-5970 -4184
357 2686
7291 9092
1629 -9466
1334 -3978
2652 -9242
-6939 3613
573 -4040
-1722 3836
-4852 -8015
-5466 -6548
-9822 -7403
-9646 4477
492 -6300
-5896 7192
-3882 -7020
-1050 -2334
-1468 -4064
-1553 -6615
8256 8200
5370 7671
-4270 6609
1938 -5428
-8651 1292
447 6827
-4953 4608
-4358 -7372
3489 -3777
-3238 -6223
-6455 -4064
-4906 9269
98 4998
6436 -5885
-1233 4996
8551 -5942
7790 -699
-5689 -3815
3463 6150
-3645 -8592
-1303 -8665
-8828 -2218
-9838 3202
-8780 5706
-9617 -4646
9585 -6021
-7611 -5321
251 -3492
-6095 3924
3604 -751
9132 -2322
646 -4305
-5328 8711
-5496 -347
7008 5164
-4546 -4046
-4060 -591
4224 -1948
-9837 -290
-837 -7273
7863 -5586
-9027 -7647
-2131 694
1645 885
873 -989
3643 -3848
898 -9944
-5290 6561
1230 -6827
-8861 -5471
-9275 459
9773 -7973
-1877 -9296
-554 1820
-6541 1568
8761 -4282
-1954 769
-9143 9006
-9373 -1470
-4487 -1945
-8844 -3075
291 -2659
-5922 -8007
2114 2438
-624 6841
-2816 -2665
6016 4334
-5993 -7342
1577 -4945
-2767 -9432
7194 -4468
-8238 -6850
940 -4642
-1990 -3129
50 -700
548 5660
-8905 3434
595 4330
8483 -3925
9453 -2744
-1090 1273
-1082 -2579
-5289 8409
-1916 7328
-6715 5236
-8713 -3089
16 -3382
-8686 -1756
-9397 -5173
-3783 -5515
5956 9603
-7626 -2214
8318 17
-7853 2534
1595 6979
-5279 5230
-5250 -7331
-9600 9741
-1550 -203
3324 -5269
5352 -6873
3092 6298
2075 -4666
5791 -4861
-9950 7697
-4657 -6785
732 -2938
3543 4972
-6132 -5509
8620 -2569
-2066 -7894
-7160 -1280
1404 -5362
4533 9309
-3460 -6132
743 -4453
-5002 8018
-7029 -8529
-6040 8742
-7809 2721
9112 -105
-1438 -8272
-5561 -9672
-9233 -7498
-1618 -2385
-1307 -5431
-9246 -7350
-6041 4838
-3204 5427
-5238 -3257
857 -1917
-7249 1370
-964 -3397
-3736 -3689
1593 -5073
-2784 -1975
9974 -5243
4062 -7411
9706 -8160
455 -3420
3146 -7978
2661 -2142
9284 -9175
-5912 -5624
-7094 7925
2316 -1743
-6284 -2908
2521 5776
-2306 2986
-81 -8006
3035 237
-9981 -8865
-7292 -5275
1639 5664
6830 -7707
3175 923
9030 -2247
-9705 -8727
-2986 9873
-8301 -7123
-2101 2428
7263 133
-8301 -5129
-6450 4323
5256 3144
365 8064
1681 -7961
-1610 -2481
-4727 -2051
8870 -6354
-6854 3408
-8043 -5371
2029 -7747
1280 4393
-6588 -5946
7726 -3201
6759 6639
-2549 -5751
127 3652
-2663 -3747
-577 -9539
-1594 1362
-1400 -8508
5341 158
-4785 1686
3875 -7933
-8041 -9304
-3238 -152
6022 -2388
-757 -377
-554 -4107
1730 4582
-408 -9866
1276 -7449
-6945 9458
2301 2788
-9750 8496
2626 -139
1893 8013
5282 5717
7964 598
-9146 7589
8078 -4841
6176 -3123
-2761 557
-578 -7796
-2414 -5533
-9799 -3353
-5612 5435
5973 -7417
-6724 -6198
1028 1600
149 -88
-3379 6070
-4367 -7958
2315 -9925
1304 6760
1785 1402
-4955 -2879
-3221 764
4268 5225
-9631 2976
-961 -2889
-2375 4334
-5741 -8605
-6206 -9746
5088 -2478
-9737 -5955
-3355 4786
1130 -6376
5397 576
-2525 -1670
-4626 -3119
-5279 302
676 6867
3784 -2531
6346 392
1180 -7158
-1783 6652
-5654 -6272
1902 2585
5832 -3993
-5714 -8587
1981 1758
-7612 -6640
-6396 8998
-1738 572
1486 -7975
-6270 -7684
1031 -3322
-9546 -5999
-2374 7706
2298 -7759
1494 -4459
2101 5240
-6828 134
-2098 -7326
-1807 -1351
2642 5594
6784 4526
-9322 526
3108 5958
4511 -1693
3705 -5311
-482 -8176
-5675 -4244
-4801 9157
7373 1399
8836 4364
1498 -4059
2572 -9484
3839 -2999
7962 -7256
5828 -180
660 -1560
-9500 4116
8873 -6959
-753 -3358
1462 8318
1480 -6471
-4534 4340
5360 -4409
-3831 -1546
-2682 -609
-4978 -7775
-2546 679
4086 6679
244 -9170
2905 -8717
-8536 -6007
5882 2118
-9644 -8490
-5024 611
-7826 -1216
2405 -1069
3556 -9495
-5041 -2097
-5631 7072
-9411 1805
-9616 -9959
-4956 8699
6172 286
-5702 650
-1255 -6494
-1325 1420
-8856 1238
-949 -8481
-6729 -5856
-5116 -724
-1879 4651
2129 -6035
-4394 -8744
9267 -2036
-6800 6685
8257 146
-2512 -1844
8204 4062
-2232 -7404
9602 -1324
-5671 -2809
-9198 -6312
-5782 1692
9651 859
-9673 8665
1311 8020
-4439 -9593
-1371 -8973
-7003 -9360
-3523 7378
-4057 -9018
-3364 -4564
8175 -542
-1075 -6764
-4324 -6191
659 9726
2745 -565
5470 -3968
-9418 1092
1431 -7393
7833 935
4857 -9534
117 -481
2471 -5717
8025 -7273
-7431 6408
1067 -5115
-2534 -9340
1685 4419
-3249 1315
-1661 -5346
1337 2095
68 -1934
1212 -4499
3446 -1996
6880 -9739
-2041 6035
-5992 414
4118 8283
9121 -2145
-2854 -9194
-1363 -42
-3482 -6624
1217 9827
1420 -7275
-3653 -266
-4192 2529
-7463 6801
-4098 -5404
1686 2087
9327 3831
-5546 -1660
871 -4508
2371 5234
4275 -8640
-6150 2424
-6255 1847
-6337 4806
1855 1507
-7369 -2035
6010 -6720
-8039 2869
5918 -6173
-8868 -5815
-7053 -5781
-4333 -2347
-7478 -4430
-352 2388
2596 -2715
-2394 772
-7692 -9286
665 2459
6438 -2433
3451 670
-8353 5457
-345 8366
-7289 5903
8498 2501
7045 8846
-4504 -2686
-5336 2413
-8482 1473
-3824 3053
-4376 3439
-2845 -5861
-3673 -5252
-1216 -562
9542 689
2462 6135
-2779 -858
-7923 -1292
-8264 875
-5990 -2074
3212 2288
-9125 7943
7209 8578
-2392 -2731
-6213 -9775
-8793 -3822
883 -5382
2733 -7537
1964 6755
-3486 -2076
1962 -4667
5990 -7834
-8984 9223
4337 -6893
-173 -1936
1021 7601
-1520 3293
-4822 4311
-5116 3089
-904 2695
8309 -2004
9082 3208
-1172 -992
-3860 649
3072 -672
-2847 -601
-4625 -3301
-3583 9495
-8470 -8216
-9836 7802
-3620 -5408
-5447 7925
1798 -8779
5497 -3260
-4126 2520
2306 -4786
4339 5213
7343 -7530
-101 -984
-5050 -1999
-6678 -5892
-1565 2685
7033 -2179
-8229 1167
-2188 -9358
-9860 300
-2945 -4921
-9358 -4420
-6987 1951
688 -8677
-3734 -3202
-7123 -1134
3484 778
4077 5127
-3962 -7464
-4638 -1424
4273 2912
337 -7794
-8142 5522
-7463 -553
1263 1484
-7373 948
-8221 -9300
-8813 1995
2629 -9532
152 -1952
-1883 9644
-6622 6906
-7528 -69
-9314 703
-4843 -8742
3274 -1588
7070 -5040
1684 5217
4578 -5117
3367 -6953
3937 4640
-703 -7081
-783 -6347
549 -3250
-4800 -5301
-3399 1436
-2244 266
-3928 -3732
-9616 8091
-887 -6742
6674 7894
1509 -8306
-9256 -1416
1844 -961
-9647 7543
-1400 -7337
7475 -2157
-7636 -542
-465 4398
-7220 -3062
-1298 4445
1592 -8392
245 -5569
-2618 -6893
-5811 8078
1848 -6484
-4029 -9357
-2949 127
-3318 -2178
728 3825
-5851 630
9511 -96
-1364 -3761
126 -5065
1636 -2821
-6669 3338
6229 -5854
-3839 -2951
-615 -1069
-2106 -7208
-6795 -5411
-9777 1201
-4529 -199
-651 -3673
-3081 -9716
-2905 861
-1398 -7702
-8470 3896
2069 -388
-1346 8260
-2371 7270
-2653 -1293
-9540 1184
-7046 778
-2287 3280
656 -7329
1874 -7503
-9415 -66
8035 -7150
2010 427
-2451 -5178
-8053 -6802
-1083 -5510
9788 -2552
-5227 -7615
-9900 -532
-7812 -1803
2432 2253
1966 -3485
-7603 4179
-7966 9084
-7125 -6221
-7479 -8687
-4642 -6596
3555 -636
-4429 3478
847 -8904
5133 553
7967 -7061
6339 9817
6103 9159
4394 -4102
7662 -5485
-7947 2401
-9101 -7666
-6243 -5765
-4873 671
-8545 -871
-2939 -7578
-2491 5364
662 -8360
263 -1490
-4089 -5527
-2958 -2826
-1569 -3895
167 -7758
-3937 3638
-2459 -9514
-6570 -5434
-2326 -8744
3601 -5587
-1449 -9240
1269 8930
-2538 2654
-7474 7385
-9448 -2067
1192 -5932
478 2238
2491 -7808
1379 -9857
-6576 -997
-49 -2054
-8519 -7532
-1138 -5466
-5151 4952
2149 -4326
464 -1305
-5629 871
7944 237
-5580 -1436
-632 -7601
-390 6062
6782 8228
-2462 -1110
-5608 8902
-7609 4908
-4138 4905
-7002 -1702
-4632 -8596
-7315 6643
-1228 6062
5266 -8276
7003 -8702
7653 2811
-7565 7527
4485 -776
-673 -6159
6521 4769
2272 -4980
-4777 -9155
-5631 -6109
4874 -254
-8134 -9126
7378 -580
-7976 -8093
2188 -1755
793 6546
9268 6394
-618 -2551
7080 -5106
-4765 -775
5039 -1023
-2438 4425
-2503 -5332
1239 -3626
1480 -4769
-8000 6621
-304 237
-3706 -5001
-2981 9413
9169 -987
-8911 -860
5238 -3924
7798 1417
6123 -221
178 -4502
-1666 -9687
-2375 -5851
-8415 -7428
-701 1977
-1235 2473
-4356 -1610
9214 5663
-1725 -4143
5506 3623
5546 7294
6873 -6538
-3580 -808
-9293 -1885
4191 -5022
8098 -8906
2254 -5869
-7541 -8734
7950 -2484
4029 5814
-6304 -7026
4198 4526
-7716 -9653
-1408 -241
-4664 -2150
-2636 4114
-955 -5937
-9673 639
-4244 -6135
-997 4384
-1289 -5522
-8701 8845
1923 371
9844 6347
4179 -7231
2643 1851
1304 6774
-9909 -5235
-9873 -4123
-7696 -4940
-6612 1358
-1532 -2368
2231 -7297
-2920 -7734
-5548 -1313
-1039 7626
1318 -3470
-7628 2348
-6121 -8909
-8546 843
-1358 -3352
301 3028
-3951 853
-9498 -787
4830 -2096
408 -3174
1012 8820
4156 828
-4954 -2888
-4674 1309
2241 -5214
9859 1610
598 1433
2018 -1664
-6637 -5701
6996 1066
-6639 -1491
9460 -3669
6870 -11
989 -7851
1743 -369
-1924 6022
104 -4490
-1502 9674
1593 3170
85 -5695
5566 -3876
-1996 -6106
-6867 -8533
-5648 943
-9375 -9167
7677 -5648
1756 756
-6770 -1084
1548 -5439
-6918 -3887
-2388 -4819
-7162 2719
-6897 -4934
-162 2868
-9862 8739
4261 733
-4752 -4976
-1555 7530
-335 -1873
-4152 -8289
294 -5635
-6561 -3705
-7531 -8823
-157 -5715
8412 -6692
-7421 -7035
-8356 656
-9891 -8368
-9772 1194
-3046 5665
-8591 -4636
-1357 1946
2656 -1653
-5033 -7878
-433 2125
-1903 -3174
-757 5866
-7035 -3723
-7221 5074
-2883 -5591
-3666 -7728
1250 -5476
-24 8610
-5109 415
-6692 428
-8804 -8423
293 -6195
6378 -3297
1400 -8685
7324 -7231
-7029 619
-7724 7112
-9575 -2563
-3562 -8060
-2049 -5803
-9246 -9632
-5268 -6907
-4868 4700
-9864 808
-9930 -4171
-815 4906
1582 -4858
8606 4039
2960 1173
2236 -8016
2303 -6109
5871 -5546
219 -1968
-9897 -5985
-9989 248
-3649 -6017
-8421 -2115
-8133 -9757
-6532 -9875
-2350 -4530
3657 -5191
-1989 -406
-5834 -8082
5092 -4743
1774 -3838
-7367 -3223
-2867 9869
-511 4754
8874 -4774
-4915 7833
-359 -4643
-2897 7379
-4465 -9913
3781 3795
9769 -8776
-3329 -7206
8776 -1068
-6752 9527
3741 -1509
8192 5867
1323 -5646
-2798 3881
1610 -5597
-6324 -9209
4779 8976
-4509 2256
-3814 -9254
727 -4516
-1848 -2490
7057 -6118
6283 9445
-1720 9429
-9092 -5586
1674 -1898
1067 5234
505 -2044
-303 4137
2803 -4619
-9567 -3311
-3722 -6178
-7642 1432
9219 -4815
-9690 -6314
-861 6912
-7154 8097
-8408 -6524
-6007 7259
3253 -8764
656 4879
607 1552
-8825 -1988
-5673 8366
-7129 241
2368 -6570
-1895 -7526
-6233 -8447
-6078 -2311
-6991 1182
1413 6938
-7754 1193
3686 1663
-6640 6679
-1845 8163
2060 531
6504 -8643
-4853 -3827
-4934 9251
-1118 -2385
7476 337
-3387 -6988
7865 5770
-4922 -3563
-1400 1950
-8615 -8955
-7904 -5716
-8644 -7395
1561 2668
-3885 -7879
-5542 -3325
9335 1607
-3473 6755
-5231 -3372
-4756 6861
322 -4560
4193 1202
-7671 -5290
-1078 8839
541 -8157
-6590 -4178
2178 -2232
-2469 535
-2535 -890
2481 -1492
-3080 -5961
5632 5575
-3364 -4792
9451 -5850
-1572 -7888
2950 -7454
-3806 795
-5642 9789
2387 6407
-779 7737
181 -4109
-3980 3856
-3470 -9420
-2205 -2943
-9798 7884
341 8457
6152 -4971
3137 -5806
-7546 -1472
-9179 8497
-8844 8486
-9074 1803
-7963 -5388
-5573 -9546
-5335 7117
3743 9546
6483 -2387
-9080 -3059
-1102 2608
-2 -2062
2722 8085
1390 -3574
-5271 -2245
7176 -2640
-5029 -2025
2372 -5079
-3168 -6626
-6580 5616
4790 8743
-6792 -566
-9641 -4082
-9326 2366
-9439 793
-6747 8908
8748 -191
-7245 -8939
-4258 -7446
2528 -9031
-5882 -7821
6683 -9079
6532 -5294
-5645 -9576
-5657 -7229
-4886 8760
-4452 9785
-2605 3133
-3260 -8042
-298 2562
-1243 -7104
4981 -7306
-2844 -4558
-6582 -9138
-3727 8883
-5288 -3654
-5371 4932
-7903 -9951
-825 8030
-1258 2182
3124 5499
-6738 -2966
639 786
504 -167
8855 -1718
-748 282
8809 8905
-8515 -3055
-9787 1131
2542 7270
-8345 -4425
-7685 -2373
-5651 4406
2598 -125
1870 -8002
1559 -3524
1453 -4019
2786 4499
2248 1244
-7765 -2012
7832 6932
-750 -6062
-4619 1946
-2263 3881
88 -5903
482 -1530
2756 -6880
2066 1117
-855 -2639
-6671 -679
511 2652
6718 -4705
-4614 -4061
-1589 -8236
-9442 -128
-3656 5162
-4657 -6149
-1639 1261
-4401 -5632
-6178 -8573
-7743 -1137
-1965 1973
-9228 -8779
-9723 -6065
6494 -3844
-761 -6138
-7611 1409
-9517 -263
-2942 995
5300 -5061
-86 129
4 -8144
-6396 7814
3985 -2826
-9248 -3970
-5050 2151
-20 5549
263 5245
-2339 -3968
-548 4436
8886 450
5714 -2763
-4443 2740
-226 8305
-6384 -4233
-4348 -8850
8819 -9140
9975 -6786
-1855 4895
-2207 -4074
6291 7711
-5786 -9508
9824 2640
-6267 7844
4008 -4315
6142 -5451
-7880 -4503
-358 -1331
1161 -7973
1094 4144
-8950 -5691
-9599 -3150
-7295 -6041
-1863 9021
-9429 -467
-8109 5555
-9878 -600
-2936 8302
-5566 -6845
-6252 -7950
-7140 -5235
4788 1914
844 -2313
2181 -6056
2809 -8893
-6700 573
-4104 -328
-6313 5684
2235 2232
1492 -9068
7500 -1000
-9044 -3179
-5678 -2458
8533 4834
-5763 -8755
-1183 -529
4193 1540
-5050 -2258
9179 -7592
4928 -132
-3430 9328
5905 -9983
-4766 -1195
9451 3385
1165 -7829
2159 6316
-8373 3399
-2665 -188
7890 -3908
-2926 -6016
2970 -8873
7247 1668
2142 -8212
-5925 -5516
-4373 -5519
-722 1505
-2856 -5814
771 7844
9458 -1276
-7931 -8823
-5989 7782
-5389 8877
-8273 5668
7644 -5430
9521 -5610
-2037 -176
445 -152
551 -3238
-4993 -7790
6430 -1832
-6297 7724
-7400 4945
1690 -4836
4883 1293
-7731 -6256
-9809 -3156
-3314 -3247
-3259 2494
-1180 -8426
0 5997
2071 -7943
9893 -7236
1489 -9944
8980 9431
-920 -8516
-302 4993
-9771 -145
8233 -9934
-8474 -3510
-2423 -4987
-2084 -5155
1200 -1876
2030 8756
7728 8455
-4466 5253
1262 8949
-1908 -7603
-1625 -1078
7007 -3
-2949 -5693
9282 -5261
8388 1333
-9124 -6876
3782 -2228
-2329 543
-3924 -8942
1193 2007
3983 -2386
-188 -2859
-9830 -79
-7722 -1864
7020 -7925
7065 2397
-5955 3523
-8788 2451
-1979 -1883
-2538 1851
-2343 -97
-9208 -6318
5592 -2777
833 -8317
2724 -9408
-4264 -893
-6603 -4899
9495 4481
-8212 228
-7228 -5509
1603 -9418
2628 -3443
-9044 -5267
1633 1328
-6120 -2456
-2069 -1918
-2215 1892
2267 -5024
8742 5837
351 1787
6684 -9517
-2571 -9911
-1430 -4770
-5297 -4676
-7347 -2650
-5952 2480
-9157 2399
886 296
-2788 -173
-6426 604
2593 -4172
9161 1740
5871 2063
-5694 -9481
-2951 355
-1974 -4654
-6696 -524
-6234 -1036
4598 -163
-4010 -9329
-7577 -8862
915 -733
2075 -754
-3430 1013
-1192 3484
-4348 2623
9155 2766
-6216 2049
2431 -1882
291 -7807
8601 244
-1882 -2865
-5245 5422
19 873
-1921 2846
-3631 738
6945 -8385
-8507 -6851
-1396 -6133
-7596 2558
-7612 559
9795 -2975
1767 5344
9665 -8084
339 -7599
8616 -2525
4686 -1241
-9249 -4389
1091 -8123
-7995 -7278
1585 -6326
-9751 -7812
6114 -1021
-4484 -9215
-7530 5565
2509 -9241
1418 -2220
-8760 -8183
2903 -4591
-6710 -2703
-7949 -8101
-6250 -8858
864 -4287
1275 8445
-5278 7042
-8382 853
4722 2762
-5498 904
-9518 7002
-573 604
9986 -3637
-2068 666
-5517 -716
-4225 2306
-8998 -5237
-9153 -3236
680 -6233
3478 -3662
1430 880
-8031 2525
-4058 -1778
1300 7836
296 1574
4626 -788
-7045 -2073
-5953 -5069
-6570 2080
-6115 5472
3589 -6154
-273 -5072
-1225 -2701
-9021 -3598
-5546 7041
-6641 -3729
-583 -3883
-3491 -6047
-2600 -4335
4034 -7091
-4611 2598
-8653 -5809
-8445 343
-2022 625
-646 -445
-6429 -1344
-5207 419
-1730 -9345
-5098 -5900
-6271 -1252
1194 5391
-7732 -251
9361 -6753
3794 2518
-3137 -5743
-3883 2609
283 -7887
2320 -3398
9429 -1459
-9637 -4326
279 6652
-6710 -2623
-2426 4291
8823 -5644
-3199 1107
8833 2788
-6166 -7336
2388 8413
1766 -3824
-5878 2751
-2779 761
-77 -3695
-7706 -2577
-3405 6422
-5164 -9610
-3574 -1863
4694 -4976
