....
.xx.
.oo.
....

0 0 0
0 1 0
0 2 0
0 3 0
1 0 0
1 3 0
2 0 0
2 3 0
3 0 0
3 1 0
3 2 0
3 3 0
#####
xoxo
oxox
xoxo
....

3 0 0
3 1 2
3 2 2
3 3 1
(3,3)
xoxo
oxox
xoxo
.x.o

3 0 0
3 2 2
#####
xx..
....
...o
...o

0 2 0
0 3 0
1 0 0
1 1 0
1 2 0
1 3 0
2 0 0
2 1 0
2 2 0
3 0 0
3 1 0
3 2 0
#####
x...
x...
...o
...o

0 1 0
0 2 0
0 3 0
1 1 0
1 2 0
1 3 0
2 0 0
2 1 0
2 2 0
3 0 0
3 1 0
3 2 0
#####
....
.xo.
.ox.
....

0 0 0
0 1 0
0 2 0
0 3 0
1 0 0
1 3 0
2 0 0
2 3 0
3 0 0
3 1 0
3 2 0
3 3 0
#####
x.x.
ooo.
xxxo
oox.

0 1 2
0 3 2
1 3 0
3 3 2
#####
o...
.ox.
.xxx
xooo

0 1 1
(0,1)
oxox
xxoo
xxox
o..o

3 1 1
(3,1)
....
.xxx
.ooo
....

0 0 2
0 1 2
0 2 2
0 3 2
1 0 1
(1,0)
x...
x...
x...
.ooo

0 1 2
0 2 2
0 3 2
1 1 2
1 2 2
1 3 2
2 1 2
2 2 2
2 3 2
3 0 1
(3,0)
o...
.oxx
.xxx
.ooo

0 1 2
0 2 2
0 3 2
1 0 2
2 0 1
(2,0)
