 0 1000000000000000000000000000000000000000000000000000000000000000
 1 0100000000000000000000000000000000000000000000000000000000000000
 2 0010000000000000000000000000000000000000000000000000000000000000
 3 0001000000000000000000000000000000000000000000000000000000000000
 4 0000100000000000000000000000000000000000000000000000000000000000
 5 0000010000000000000000000000000000000000000000000000000000000000
 6 0000001000000000000000000000000000000000000000000000000000000000
 7 0000000100000000000000000000000000000000000000000000000000000000
 8 0000000010000000000000000000000000000000000000000000000000000000
 9 0000000001000000000000000000000000000000000000000000000000000000
10 0000000000100000000000000000000000000000000000000000000000000000
11 0000000000010000000000000000000000000000000000000000000000000000
12 0000000000001000000000000000000000000000000000000000000000000000
13 1000000000000100000000000000000000000000000000000000000000000000
14 0100000000000010000000000000000000000000000000000000000000000000
15 0010000000000001000000000000000000000000000000000000000000000000
16 0001000000000000100000000000000000000000000000000000000000000000
17 0000100000000000010000000000000000000000000000000000000000000000
18 0000010000000000001000000000000000000000000000000000000000000000
19 0000001000000000000100000000000000000000000000000000000000000000
20 0000000100000000000010000000000000000000000000000000000000000000
21 0000000010000000000001000000000000000000000000000000000000000000
22 0000000001000000000000100000000000000000000000000000000000000000
23 0000000000100000000000010000000000000000000000000000000000000000
24 0000000000010000000000001000000000000000000000000000000000000000
25 0000000000001000000000000100000000000000000000000000000000000000
26 0000000000000100000000000010000000000000000000000000000000000000
27 0000000000000010000000000001000000000000000000000000000000000000
28 0000000000000001000000000000100000000000000000000000000000000000
29 0000000000000000100000000000010000000000000000000000000000000000
30 0000000000000000010000000000001000000000000000000000000000000000
31 0000000000000000001000000000000100000000000000000000000000000000
32 0000000000000000000100000000000010000000000000000000000000000000
33 0000000000000000000010000000000001000000000000000000000000000000
34 0000000000000000000001000000000000100000000000000000000000000000
35 0000000000000000000000100000000000010000000000000000000000000000
36 0000000000000000000000010000000000001000000000000000000000000000
37 0000000000000000000000001000000000000100000000000000000000000000
38 0000000000000000000000000100000000000010000000000000000000000000
39 0000000000000000000000000010000000000001000000000000000000000000
40 0000000000000000000000000001000000000000100000000000000000000000
41 0000000000000000000000000000100000000000010000000000000000000000
42 0000000000000000000000000000010000000000001000000000000000000000
43 0000000000000000000000000000001000000000000100000000000000000000
44 0000000000000000000000000000000100000000000010000000000000000000
45 0000000000000000000000000000000010000000000001000000000000000000
46 0000000000000000000000000000000001000000000000100000000000000000
47 0000000000000000000000000000000000100000000000010000000000000000
48 0000000000000000000000000000000000010000000000001000000000000000
49 0000000000000000000000000000000000001000000000000100000000000000
50 0000000000000000000000000000000000000100000000000010000000000000
51 0000000000000000000000000000000000000010000000000001000000000000
52 0000000000000000000000000000000000000001000000000000100000000000
53 0000000000000000000000000000000000000000100000000000010000000000
54 0000000000000000000000000000000000000000010000000000001000000000
55 0000000000000000000000000000000000000000001000000000000100000000
56 0000000000000000000000000000000000000000000100000000000010000000
57 0000000000000000000000000000000000000000000010000000000001000000
58 0000000000000000000000000000000000000000000001000000000000100000
59 0000000000000000000000000000000000000000000000100000000000010000
60 0000000000000000000000000000000000000000000000010000000000001000
61 0000000000000000000000000000000000000000000000001000000000000100
62 0000000000000000000000000000000000000000000000000100000000000010
63 0000000000000000000000000000000000000000000000000010000000000001
---------------------------------------
 0 1000000100000000000000000000000000000000000000000000000000000000
 1 0100000010000000000000000000000000000000000000000000000000000000
 2 0010000001000000000000000000000000000000000000000000000000000000
 3 0001000000100000000000000000000000000000000000000000000000000000
 4 0000100000010000000000000000000000000000000000000000000000000000
 5 0000010000001000000000000000000000000000000000000000000000000000
 6 1000001000000100000000000000000000000000000000000000000000000000
 7 0100000100000010000000000000000000000000000000000000000000000000
 8 0010000010000001000000000000000000000000000000000000000000000000
 9 0001000001000000100000000000000000000000000000000000000000000000
10 0000100000100000010000000000000000000000000000000000000000000000
11 0000010000010000001000000000000000000000000000000000000000000000
12 0000001000001000000100000000000000000000000000000000000000000000
13 1000000100000100000010000000000000000000000000000000000000000000
14 0100000010000010000001000000000000000000000000000000000000000000
15 0010000001000001000000100000000000000000000000000000000000000000
16 0001000000100000100000010000000000000000000000000000000000000000
17 0000100000010000010000001000000000000000000000000000000000000000
18 0000010000001000001000000100000000000000000000000000000000000000
19 0000001000000100000100000010000000000000000000000000000000000000
20 0000000100000010000010000001000000000000000000000000000000000000
21 0000000010000001000001000000100000000000000000000000000000000000
22 0000000001000000100000100000010000000000000000000000000000000000
23 0000000000100000010000010000001000000000000000000000000000000000
24 0000000000010000001000001000000100000000000000000000000000000000
25 0000000000001000000100000100000010000000000000000000000000000000
26 0000000000000100000010000010000001000000000000000000000000000000
27 0000000000000010000001000001000000100000000000000000000000000000
28 0000000000000001000000100000100000010000000000000000000000000000
29 0000000000000000100000010000010000001000000000000000000000000000
30 0000000000000000010000001000001000000100000000000000000000000000
31 0000000000000000001000000100000100000010000000000000000000000000
32 0000000000000000000100000010000010000001000000000000000000000000
33 0000000000000000000010000001000001000000100000000000000000000000
34 0000000000000000000001000000100000100000010000000000000000000000
35 0000000000000000000000100000010000010000001000000000000000000000
36 0000000000000000000000010000001000001000000100000000000000000000
37 0000000000000000000000001000000100000100000010000000000000000000
38 0000000000000000000000000100000010000010000001000000000000000000
39 0000000000000000000000000010000001000001000000100000000000000000
40 0000000000000000000000000001000000100000100000010000000000000000
41 0000000000000000000000000000100000010000010000001000000000000000
42 0000000000000000000000000000010000001000001000000100000000000000
43 0000000000000000000000000000001000000100000100000010000000000000
44 0000000000000000000000000000000100000010000010000001000000000000
45 0000000000000000000000000000000010000001000001000000100000000000
46 0000000000000000000000000000000001000000100000100000010000000000
47 0000000000000000000000000000000000100000010000010000001000000000
48 0000000000000000000000000000000000010000001000001000000100000000
49 0000000000000000000000000000000000001000000100000100000010000000
50 0000000000000000000000000000000000000100000010000010000001000000
51 0000000000000000000000000000000000000010000001000001000000100000
52 0000000000000000000000000000000000000001000000100000100000010000
53 0000000000000000000000000000000000000000100000010000010000001000
54 0000000000000000000000000000000000000000010000001000001000000100
55 0000000000000000000000000000000000000000001000000100000100000010
56 0000000000000000000000000000000000000000000100000010000010000001
57 0000000000000000000000000000000000000000000010000000000001000000
58 0000000000000000000000000000000000000000000001000000000000100000
59 0000000000000000000000000000000000000000000000100000000000010000
60 0000000000000000000000000000000000000000000000010000000000001000
61 0000000000000000000000000000000000000000000000001000000000000100
62 0000000000000000000000000000000000000000000000000100000000000010
63 0000000000000000000000000000000000000000000000000010000000000001
---------------------------------------
 0 1000000100000000000000000000000000000000000000000000000000000000
 1 0100000010000000000000000000000000000000000000000000000000000000
 2 0010000001000000000000000000000000000000000000000000000000000000
 3 0001000000100000000000000000000000000000000000000000000000000000
 4 0000100000010000000000000000000000000000000000000000000000000000
 5 0000010000001000000000000000000000000000000000000000000000000000
 6 1000001000000100000000000000000000000000000000000000000000000000
 7 0100000100000010000000000000000000000000000000000000000000000000
 8 0010000010000001000000000000000000000000000000000000000000000000
 9 0001000001000000100000000000000000000000000000000000000000000000
10 0000100000100000010000000000000000000000000000000000000000000000
11 0000010000010000001000000000000000000000000000000000000000000000
12 0000001000001000000100000000000000000000000000000000000000000000
13 1000000100000100000010000000000000000000000000000000000000000000
14 0100000010000010000001000000000000000000000000000000000000000000
15 0010000001000001000000100000000000000000000000000000000000000000
16 0001000000100000100000010000000000000000000000000000000000000000
17 1000100100010000010000001000000000000000000000000000000000000000
18 0100010010001000001000000100000000000000000000000000000000000000
19 0010001001000100000100000010000000000000000000000000000000000000
20 0001000100100010000010000001000000000000000000000000000000000000
21 0000100010010001000001000000100000000000000000000000000000000000
22 0000010001001000100000100000010000000000000000000000000000000000
23 1000001000100100010000010000001000000000000000000000000000000000
24 0100000100010010001000001000000100000000000000000000000000000000
25 0010000010001001000100000100000010000000000000000000000000000000
26 0001000001000100100010000010000001000000000000000000000000000000
27 0000100000100010010001000001000000100000000000000000000000000000
28 0000010000010001001000100000100000010000000000000000000000000000
29 0000001000001000100100010000010000001000000000000000000000000000
30 1000000100000100010010001000001000000100000000000000000000000000
31 0100000010000010001001000100000100000010000000000000000000000000
32 0010000001000001000100100010000010000001000000000000000000000000
33 0001000000100000100010010001000001000000100000000000000000000000
34 0000100000010000010001001000100000100000010000000000000000000000
35 0000010000001000001000100100010000010000001000000000000000000000
36 0000001000000100000100010010001000001000000100000000000000000000
37 0000000100000010000010001001000100000100000010000000000000000000
38 0000000010000001000001000100100010000010000001000000000000000000
39 0000000001000000100000100010010001000001000000100000000000000000
40 0000000000100000010000010001001000100000100000010000000000000000
41 0000000000010000001000001000100100010000010000001000000000000000
42 0000000000001000000100000100010010001000001000000100000000000000
43 0000000000000100000010000010001001000100000100000010000000000000
44 0000000000000010000001000001000100100010000010000001000000000000
45 0000000000000001000000100000100010010001000001000000100000000000
46 0000000000000000100000010000010001001000100000100000010000000000
47 0000000000000000010000001000001000100100010000010000001000000000
48 0000000000000000001000000100000100010010001000001000000100000000
49 0000000000000000000100000010000010001001000100000100000010000000
50 0000000000000000000010000001000001000100100010000010000001000000
51 0000000000000000000001000000100000100010010001000001000000100000
52 0000000000000000000000100000010000010001001000100000100000010000
53 0000000000000000000000010000001000001000100100010000010000001000
54 0000000000000000000000001000000100000100010010001000001000000100
55 0000000000000000000000000100000010000010001001000100000100000010
56 0000000000000000000000000010000001000001000100100010000010000001
57 0000000000000000000000000001000000100000100010010000000001000000
58 0000000000000000000000000000100000010000010001001000000000100000
59 0000000000000000000000000000010000001000001000100100000000010000
60 0000000000000000000000000000001000000100000100010010000000001000
61 0000000000000000000000000000000100000010000010001001000000000100
62 0000000000000000000000000000000010000001000001000100100000000010
63 0000000000000000000000000000000001000000100000100010010000000001
---------------END---------------------
 0 1000000100000000000000000000000000000000000000000000000000000000
 1 0100000010000000000000000000000000000000000000000000000000000000
 2 0010000001000000000000000000000000000000000000000000000000000000
 3 0001000000100000000000000000000000000000000000000000000000000000
 4 0000100000010000000000000000000000000000000000000000000000000000
 5 0000010000001000000000000000000000000000000000000000000000000000
 6 1000001000000100000000000000000000000000000000000000000000000000
 7 0100000100000010000000000000000000000000000000000000000000000000
 8 0010000010000001000000000000000000000000000000000000000000000000
 9 0001000001000000100000000000000000000000000000000000000000000000
10 0000100000100000010000000000000000000000000000000000000000000000
11 0000010000010000001000000000000000000000000000000000000000000000
12 0000001000001000000100000000000000000000000000000000000000000000
13 0000000000000100000010000000000000000000000000000000000000000000
14 0000000000000010000001000000000000000000000000000000000000000000
15 0000000000000001000000100000000000000000000000000000000000000000
16 0000000000000000100000010000000000000000000000000000000000000000
17 1000000100000000010000001000000000000000000000000000000000000000
18 0100000010000000001000000100000000000000000000000000000000000000
19 1010000001000000000100000010000000000000000000000000000000000000
20 0101000000100000000010000001000000000000000000000000000000000000
21 0010100000010000000001000000100000000000000000000000000000000000
22 0001010000001000000000100000010000000000000000000000000000000000
23 1000101000000100000000010000001000000000000000000000000000000000
24 0100010100000010000000001000000100000000000000000000000000000000
25 0010001010000001000000000100000010000000000000000000000000000000
26 1001000101000000100000000010000001000000000000000000000000000000
27 0100100010100000010000000001000000100000000000000000000000000000
28 0010010001010000001000000000100000010000000000000000000000000000
29 0001001000101000000100000000010000001000000000000000000000000000
30 0000100000010100000010000000001000000100000000000000000000000000
31 0000010000001010000001000000000100000010000000000000000000000000
32 0000001000000101000000100000000010000001000000000000000000000000
33 0000000100000010100000010000000001000000100000000000000000000000
34 0000000010000001010000001000000000100000010000000000000000000000
35 0000000001000000101000000100000000010000001000000000000000000000
36 1000000000100000010100000010000000001000000100000000000000000000
37 0100000000010000001010000001000000000100000010000000000000000000
38 0010000000001000000101000000100000000010000001000000000000000000
39 0001000000000100000010100000010000000001000000100000000000000000
40 0000100000000010000001010000001000000000100000010000000000000000
41 0000010000000001000000101000000100000000010000001000000000000000
42 0000001000000000100000010100000010000000001000000100000000000000
43 1000000100000000010000001010000001000000000100000010000000000000
44 0100000010000000001000000101000000100000000010000001000000000000
45 0010000001000000000100000010100000010000000001000000100000000000
46 0001000000100000000010000001010000001000000000100000010000000000
47 0000100000010000000001000000101000000100000000010000001000000000
48 0000010000001000000000100000010100000010000000001000000100000000
49 0000001000000100000000010000001010000001000000000100000010000000
50 0000000100000010000000001000000101000000100000000010000001000000
51 0000000010000001000000000100000010100000010000000001000000100000
52 0000000001000000100000000010000001010000001000000000100000010000
53 0000000000100000010000000001000000101000000100000000010000001000
54 0000000000010000001000000000100000010100000010000000001000000100
55 0000000000001000000100000000010000001010000001000000000100000010
56 0000000000000100000010000000001000000101000000100000000010000001
57 0000000000000010000001000000000100000010100000010001000001000000
58 0000000000000001000000100000000010000001010000001000100000100000
59 0000000000000000100000010000000001000000101000000100010000010000
60 0000000000000000010000001000000000100000010100000010001000001000
61 0000000000000000001000000100000000010000001010000001000100000100
62 0000000000000000000100000010000000001000000101000000100010000010
63 0000000000000000000010000001000000000100000010100000010001000001
---------------------------------------
 0 1100000000000010000000000000000000000000000000000000000000000000
 1 0110000000000001000000000000000000000000000000000000000000000000
 2 0011000000000000100000000000000000000000000000000000000000000000
 3 0001100000000000010000000000000000000000000000000000000000000000
 4 0000110000000000001000000000000000000000000000000000000000000000
 5 0000011000000000000100000000000000000000000000000000000000000000
 6 1000001000000000000010000000000000000000000000000000000000000000
 7 0100000100000000000001000000000000000000000000000000000000000000
 8 0010000010000000000000100000000000000000000000000000000000000000
 9 0001000001000000000000010000000000000000000000000000000000000000
10 1000100100100000000000001000000000000000000000000000000000000000
11 0100010010010000000000000100000000000000000000000000000000000000
12 1010001001001000000000000010000000000000000000000000000000000000
13 0101000000100100000000000001000000000000000000000000000000000000
14 0010100000010010000000000000100000000000000000000000000000000000
15 0001010000001001000000000000010000000000000000000000000000000000
16 1000101000000100100000000000001000000000000000000000000000000000
17 1100010000000010010000000000000100000000000000000000000000000000
18 0110001000000001001000000000000010000000000000000000000000000000
19 0011000100000000100100000000000001000000000000000000000000000000
20 0001100010000000010010000000000000100000000000000000000000000000
21 0000110001000000001001000000000000010000000000000000000000000000
22 0000011000100000000100100000000000001000000000000000000000000000
23 1000001000010000000010010000000000000100000000000000000000000000
24 0100000100001000000001001000000000000010000000000000000000000000
25 0010000010000100000000100100000000000001000000000000000000000000
26 1001000001000010000000010010000000000000100000000000000000000000
27 0100100000100001000000001001000000000000010000000000000000000000
28 0010010000010000100000000100100000000000001000000000000000000000
29 1001001000001000010000000010010000000000000100000000000000000000
30 0100100000000100001000000001001000000000000010000000000000000000
31 0010010000000010000100000000100100000000000001000000000000000000
32 0001001000000001000010000000010010000000000000100000000000000000
33 0000100100000000100001000000001001000000000000010000000000000000
34 0000010010000000010000100000000100100000000000001000000000000000
35 0000001001000000001000010000000010010000000000000100000000000000
36 0000000100100000000100001000000001001000000000000010000000000000
37 0000000010010000000010000100000000100100000000000001000000000000
38 0000000001001000000001000010000000010010000000000000100000000000
39 0000000000100100000000100001000000001001000000000000010000000000
40 0000000000010010000000010000100000000100100000000000001000000000
41 0000000000001001000000001000010000000010010000000000000100000000
42 0000000000000100100000000100001000000001001000000000000010000000
43 1000000000000010010000000010000100000000100100000000000001000000
44 0100000000000001001000000001000010000000010010000000000000100000
45 0010000000000000100100000000100001000000001001000000000000010000
46 0001000000000000010010000000010000100000000100100000000000001000
47 0000100000000000001001000000001000010000000010010000000000000100
48 0000010000000000000100100000000100001000000001001000000000000010
49 0000001000000000000010010000000010000100000000100100000000000001
50 0000000100000000000001001000000001000010000000010011000000000000
51 0000000010000000000000100100000000100001000000001001100000000000
52 0000000001000000000000010010000000010000100000000100110000000000
53 0000000000100000000000001001000000001000010000000010011000000000
54 0000000000010000000000000100100000000100001000000001001100000000
55 0000000000001000000000000010010000000010000100000000100110000000
56 0000000000000100000000000001001000000001000010000000010011000000
57 0000000000000010000001000000000100000010100000010001000001000000
58 0000000000000001000000100000000010000001010000001000100000100000
59 0000000000000000100000010000000001000000101000000100010000010000
60 0000000000000000010000001000000000100000010100000010001000001000
61 0000000000000000001000000100000000010000001010000001000100000100
62 0000000000000000000100000010000000001000000101000000100010000010
63 0000000000000000000010000001000000000100000010100000010001000001
---------------------------------------
 0 1100000000000010000000000000000000000000000000000000000000000000
 1 0110000000000001000000000000000000000000000000000000000000000000
 2 0011000000000000100000000000000000000000000000000000000000000000
 3 0001100000000000010000000000000000000000000000000000000000000000
 4 0000110000000000001000000000000000000000000000000000000000000000
 5 0000011000000000000100000000000000000000000000000000000000000000
 6 1000001000000000000010000000000000000000000000000000000000000000
 7 0100000100000000000001000000000000000000000000000000000000000000
 8 0010000010000000000000100000000000000000000000000000000000000000
 9 0001000001000000000000010000000000000000000000000000000000000000
10 1000100100100000000000001000000000000000000000000000000000000000
11 0100010010010000000000000100000000000000000000000000000000000000
12 1010001001001000000000000010000000000000000000000000000000000000
13 0101000000100100000000000001000000000000000000000000000000000000
14 0010100000010010000000000000100000000000000000000000000000000000
15 0001010000001001000000000000010000000000000000000000000000000000
16 1000101000000100100000000000001000000000000000000000000000000000
17 0000010000000000010000000000000100000000000000000000000000000000
18 0000001000000000001000000000000010000000000000000000000000000000
19 0000000100000000000100000000000001000000000000000000000000000000
20 0000000010000000000010000000000000100000000000000000000000000000
21 0000000001000000000001000000000000010000000000000000000000000000
22 0000000000100000000000100000000000001000000000000000000000000000
23 0000000000010000000000010000000000000100000000000000000000000000
24 0000000000001000000000001000000000000010000000000000000000000000
25 0000000000000100000000000100000000000001000000000000000000000000
26 1000000000000010000000000010000000000000100000000000000000000000
27 1100000100000001000000000001000000000000010000000000000000000000
28 0110000010000000100000000000100000000000001000000000000000000000
29 0011000001000000010000000000010000000000000100000000000000000000
30 0001100000100000001000000000001000000000000010000000000000000000
31 0000110000010000000100000000000100000000000001000000000000000000
32 0000011000001000000010000000000010000000000000100000000000000000
33 1000001100000100000001000000000001000000000000010000000000000000
34 1100000010000010000000100000000000100000000000001000000000000000
35 0110000001000001000000010000000000010000000000000100000000000000
36 0011000000100000100000001000000000001000000000000010000000000000
37 0001100000010000010000000100000000000100000000000001000000000000
38 0000110000001000001000000010000000000010000000000000100000000000
39 0000011000000100000100000001000000000001000000000000010000000000
40 1000001000000010000010000000100000000000100000000000001000000000
41 0100000100000001000001000000010000000000010000000000000100000000
42 0010000010000000100000100000001000000000001000000000000010000000
43 0001000001000000010000010000000100000000000100000000000001000000
44 0000100000100000001000001000000010000000000010000000000000100000
45 0000010000010000000100000100000001000000000001000000000000010000
46 1000001000001000000010000010000000100000000000100000000000001000
47 0100000000000100000001000001000000010000000000010000000000000100
48 0010000000000010000000100000100000001000000000001000000000000010
49 0001000000000001000000010000010000000100000000000100000000000001
50 0000100000000000100000001000001000000010000000000011000000000000
51 0000010000000000010000000100000100000001000000000001100000000000
52 0000001000000000001000000010000010000000100000000000110000000000
53 0000000100000000000100000001000001000000010000000000011000000000
54 0000000010000000000010000000100000100000001000000000001100000000
55 0000000001000000000001000000010000010000000100000000000110000000
56 0000000000100000000000100000001000001000000010000000000011000000
57 0000000000010000000001010000100100000110000000010001001001000000
58 0000000000001000000000101000010010000011000000001000100100100000
59 0000000000000100000000010100001001000001100000000100010010010000
60 1000000000000010000000001010000100100000110000000010001001001000
61 0100000000000001000000000101000010010000011000000001000100100100
62 0010000000000000100000000010100001001000001100000000100010010010
63 0001000000000000010000000001010000100100000110000000010001001001
---------------END---------------------
1100000000000010000000000000000000000000000000000000000000000000
0000000000000000000000000000000000000000000000000000000000000000
0000000000000000000000000000000000000000000000000000000000000000
0000000000000000000000000000000000000000000000000000000000000000
0000000000000000000000000000000000000000000000000000000000000000
0000000000000000000000000000000000000000000000000000000000000000
0000000000000000000000000000000000000000000000000000000000000000
0000000000000000000000000000000000000000000000000000000000000000
0000000000000000000000000000000000000000000000000000000000000000
0000000000000000000000000000000000000000000000000000000000000000
0000000000000000000000000000000000000000000000000000000000000000
0000000000000000000000000000000000000000000000000000000000000000
0000000000000000000000000000000000000000000000000000000000000000
0000000000000000000000000000000000000000000000000000000000000000
0000000000000000000000000000000000000000000000000000000000000000
0000000000000000000000000000000000000000000000000000000000000000
0000000000000000000000000000000000000000000000000000000000000000
0000000000000000000000000000000000000000000000000000000000000000
0000000000000000000000000000000000000000000000000000000000000000
0000000000000000000000000000000000000000000000000000000000000000
0000000000000000000000000000000000000000000000000000000000000000
0000000000000000000000000000000000000000000000000000000000000000
0000000000000000000000000000000000000000000000000000000000000000
0000000000000000000000000000000000000000000000000000000000000000
0000000000000000000000000000000000000000000000000000000000000000
0000000000000000000000000000000000000000000000000000000000000000
0000000000000000000000000000000000000000000000000000000000000000
0000000000000000000000000000000000000000000000000000000000000000
0000000000000000000000000000000000000000000000000000000000000000
0000000000000000000000000000000000000000000000000000000000000000
0000000000000000000000000000000000000000000000000000000000000000
0000000000000000000000000000000000000000000000000000000000000000
0000000000000000000000000000000000000000000000000000000000000000
0000000000000000000000000000000000000000000000000000000000000000
0000000000000000000000000000000000000000000000000000000000000000
0000000000000000000000000000000000000000000000000000000000000000
0000000000000000000000000000000000000000000000000000000000000000
0000000000000000000000000000000000000000000000000000000000000000
0000000000000000000000000000000000000000000000000000000000000000
0000000000000000000000000000000000000000000000000000000000000000
0000000000000000000000000000000000000000000000000000000000000000
0000000000000000000000000000000000000000000000000000000000000000
0000000000000000000000000000000000000000000000000000000000000000
0000000000000000000000000000000000000000000000000000000000000000
0000000000000000000000000000000000000000000000000000000000000000
0000000000000000000000000000000000000000000000000000000000000000
0000000000000000000000000000000000000000000000000000000000000000
(0, 0) ---> x_{0} + x_{1} + x_{14} = 0
(1, 1) ---> = 0
(2, 2) ---> = 0
(3, 3) ---> = 1
(4, 4) ---> = 0
(5, 5) ---> = 1
(6, 6) ---> = 1
(7, 7) ---> = 1
(8, 8) ---> = 1
(9, 9) ---> = 0
(10, 10) ---> = 0
(11, 11) ---> = 0
(12, 12) ---> = 0
(13, 13) ---> = 1
(14, 14) ---> = 0
(15, 15) ---> = 1
(16, 16) ---> = 1
(17, 17) ---> = 1
(18, 18) ---> = 0
(19, 19) ---> = 1
(20, 20) ---> = 1
(21, 21) ---> = 0
(22, 22) ---> = 0
(23, 23) ---> = 1
(24, 24) ---> = 1
(25, 25) ---> = 1
(26, 26) ---> = 0
(27, 27) ---> = 1
(28, 28) ---> = 0
(29, 29) ---> = 1
(30, 30) ---> = 0
(31, 31) ---> = 0
(32, 32) ---> = 1
(33, 33) ---> = 0
(34, 34) ---> = 0
(35, 35) ---> = 1
(36, 36) ---> = 0
(37, 37) ---> = 0
(38, 38) ---> = 0
(39, 39) ---> = 0
(40, 40) ---> = 0
(41, 41) ---> = 1
(42, 42) ---> = 0
(43, 43) ---> = 1
(44, 44) ---> = 0
(45, 45) ---> = 0
(46, 46) ---> = 0
1100001101001110101100100011001110001000000111010100110011100111
0000000000000110000110100111010110010001100111000100000011101010
0 1100000000000010000000000000000000000000000000000000000000000000
